0 0.7465331278890601 0.7503852080123267 0.44221879815100146 0.41294298921417566
0 0.7419106317411402 0.3682588597842835 0.38983050847457634 0.17873651771956858
0 0.2465331278890601 0.23343587288418255 0.43143297380585516 0.37134052388289673
0 0.08397534668721109 0.6078582434514638 0.16178736517719566 0.10939907550077038
0 0.24191063174114022 0.6078582434514638 0.147919876733436 0.1124807395993836
0 0.41217257318952233 0.6040061633281972 0.16486902927580893 0.11093990755007695
0 0.41140215716486905 0.714175654853621 0.16024653312788906 0.10323574730354394
0 0.4152542372881356 0.8258859784283513 0.16795069337442214 0.1078582434514638
0 0.25115562403697994 0.8258859784283513 0.1571648690292758 0.1078582434514638
0 0.08243451463790447 0.9391371340523884 0.16178736517719566 0.10015408320493052
